percolation threshold 

250

0.0	133.0
Site 1 (1, 0, 0, 0): 152
Site 4 (0, 2, 0, 0): 36
Site 5 (1, 2, 0, 0): 36
Site 8 (0, 4, 0, 0): 112
Site 10 (0, 0, 1, 0): 152
Site 11 (1, 0, 1, 0): 152
Site 13 (1, 1, 1, 0): 62
Site 18 (0, 4, 1, 0): 19
Site 19 (1, 4, 1, 0): 152
Site 20 (0, 0, 2, 0): 11
Site 21 (1, 0, 2, 0): 152
Site 22 (0, 1, 2, 0): 62
Site 25 (1, 2, 2, 0): 74
Site 26 (0, 3, 2, 0): 36
Site 27 (1, 3, 2, 0): 36
Site 30 (0, 0, 3, 0): 152
Site 33 (1, 1, 3, 0): 132
Site 36 (0, 3, 3, 0): 152
Site 37 (1, 3, 3, 0): 152
Site 38 (0, 4, 3, 0): 152
Site 39 (1, 4, 3, 0): 38
Site 40 (0, 0, 4, 0): 152
Site 43 (1, 1, 4, 0): 196
Site 44 (0, 2, 4, 0): 196
Site 47 (1, 3, 4, 0): 6
Site 48 (0, 4, 4, 0): 38
Site 52 (0, 1, 0, 1): 36
Site 53 (1, 1, 0, 1): 36
Site 55 (1, 2, 0, 1): 6
Site 56 (0, 3, 0, 1): 112
Site 57 (1, 3, 0, 1): 112
Site 62 (0, 1, 1, 1): 36
Site 68 (0, 4, 1, 1): 152
Site 69 (1, 4, 1, 1): 152
Site 70 (0, 0, 2, 1): 21
Site 72 (0, 1, 2, 1): 121
Site 74 (0, 2, 2, 1): 36
Site 75 (1, 2, 2, 1): 36
Site 77 (1, 3, 2, 1): 176
Site 78 (0, 4, 2, 1): 152
Site 79 (1, 4, 2, 1): 152
Site 80 (0, 0, 3, 1): 81
Site 82 (0, 1, 3, 1): 132
Site 83 (1, 1, 3, 1): 132
Site 85 (1, 2, 3, 1): 36
Site 86 (0, 3, 3, 1): 152
Site 90 (0, 0, 4, 1): 81
Site 91 (1, 0, 4, 1): 81
Site 94 (0, 2, 4, 1): 36
Site 105 (1, 2, 0, 2): 152
Site 108 (0, 4, 0, 2): 109
Site 109 (1, 4, 0, 2): 152
Site 112 (0, 1, 1, 2): 152
Site 113 (1, 1, 1, 2): 112
Site 115 (1, 2, 1, 2): 36
Site 118 (0, 4, 1, 2): 152
Site 119 (1, 4, 1, 2): 152
Site 124 (0, 2, 2, 2): 115
Site 125 (1, 2, 2, 2): 115
Site 126 (0, 3, 2, 2): 176
Site 127 (1, 3, 2, 2): 176
Site 128 (0, 4, 2, 2): 152
Site 132 (0, 1, 3, 2): 36
Site 136 (0, 3, 3, 2): 176
Site 144 (0, 2, 4, 2): 152
Site 145 (1, 2, 4, 2): 144
Site 150 (0, 0, 0, 3): 112
Site 151 (1, 0, 0, 3): 112
Site 153 (1, 1, 0, 3): 152
Site 154 (0, 2, 0, 3): 152
Site 155 (1, 2, 0, 3): 152
Site 158 (0, 4, 0, 3): 176
Site 159 (1, 4, 0, 3): 176
Site 160 (0, 0, 1, 3): 112
Site 161 (1, 0, 1, 3): 152
Site 162 (0, 1, 1, 3): 152
Site 163 (1, 1, 1, 3): 11
Site 165 (1, 2, 1, 3): 116
Site 167 (1, 3, 1, 3): 152
Site 168 (0, 4, 1, 3): 178
Site 169 (1, 4, 1, 3): 178
Site 171 (1, 0, 2, 3): 211
Site 176 (0, 3, 2, 3): 152
Site 177 (1, 3, 2, 3): 152
Site 178 (0, 4, 2, 3): 152
Site 181 (1, 0, 3, 3): 36
Site 182 (0, 1, 3, 3): 40
Site 183 (1, 1, 3, 3): 182
Site 184 (0, 2, 3, 3): 233
Site 190 (0, 0, 4, 3): 36
Site 192 (0, 1, 4, 3): 152
Site 193 (1, 1, 4, 3): 152
Site 194 (0, 2, 4, 3): 144
Site 196 (0, 3, 4, 3): 36
Site 197 (1, 3, 4, 3): 196
Site 201 (1, 0, 0, 4): 152
Site 202 (0, 1, 0, 4): 152
Site 204 (0, 2, 0, 4): 36
Site 206 (0, 3, 0, 4): 36
Site 209 (1, 4, 0, 4): 8
Site 210 (0, 0, 1, 4): 152
Site 211 (1, 0, 1, 4): 152
Site 212 (0, 1, 1, 4): 11
Site 215 (1, 2, 1, 4): 176
Site 216 (0, 3, 1, 4): 176
Site 217 (1, 3, 1, 4): 176
Site 220 (0, 0, 2, 4): 211
Site 224 (0, 2, 2, 4): 176
Site 225 (1, 2, 2, 4): 176
Site 228 (0, 4, 2, 4): 36
Site 229 (1, 4, 2, 4): 38
Site 230 (0, 0, 3, 4): 36
Site 235 (1, 2, 3, 4): 36
Site 236 (0, 3, 3, 4): 36
Site 237 (1, 3, 3, 4): 36
Site 238 (0, 4, 3, 4): 152
Site 239 (1, 4, 3, 4): 38
Site 240 (0, 0, 4, 4): 40
Site 241 (1, 0, 4, 4): 40
Site 244 (0, 2, 4, 4): 36
Site 245 (1, 2, 4, 4): 196
Site 246 (0, 3, 4, 4): 36
Site 247 (1, 3, 4, 4): 36
Site 249 (1, 4, 4, 4): 190
