percolation threshold 

54

0.0	25.0
Site 1 (1, 0, 0, 0): 45
Site 6 (0, 0, 1, 0): 45
Site 7 (1, 0, 1, 0): 1
Site 8 (0, 1, 1, 0): 45
Site 9 (1, 1, 1, 0): 45
Site 14 (0, 1, 2, 0): 45
Site 15 (1, 1, 2, 0): 45
Site 18 (0, 0, 0, 1): 1
Site 20 (0, 1, 0, 1): 45
Site 21 (1, 1, 0, 1): 20
Site 23 (1, 2, 0, 1): 1
Site 25 (1, 0, 1, 1): 45
Site 26 (0, 1, 1, 1): 45
Site 31 (1, 0, 2, 1): 1
Site 32 (0, 1, 2, 1): 52
Site 34 (0, 2, 2, 1): 52
Site 35 (1, 2, 2, 1): 52
Site 40 (0, 2, 0, 2): 1
Site 41 (1, 2, 0, 2): 1
Site 43 (1, 0, 1, 2): 45
Site 50 (0, 1, 2, 2): 45
Site 51 (1, 1, 2, 2): 45
Site 52 (0, 2, 2, 2): 45
