Percolation threshold data
Total number of sites: 524288

Run	Num	Key Site
---	---	--------
0	225897	180713
1	223566	365665
2	226374	201166
3	224970	164265
4	226434	193049
5	223479	304968
6	227506	320394
7	226503	493746
8	227241	43198
9	226809	292834
10	225836	355827
11	224884	443115
12	224903	258481
13	226433	176697
14	225079	54800
15	226905	430752
16	224631	5774
17	227910	158132
18	225294	132662
19	225027	77058
20	226135	76598
21	225241	257365
22	226250	154710
23	222675	227039
24	224286	337247
25	225688	96302
26	226040	345615
27	227226	32101
28	223102	52112
29	225469	295966
30	228393	136799
31	225874	153952
32	225955	488525
33	224478	80049
34	227937	259662
35	227416	412569
36	224793	58516
37	224032	298973
38	222264	79573
39	224764	203527
40	224027	272066
41	225021	16416
42	228581	510084
43	225727	315829
44	226412	345471
45	224672	85852
46	222720	214510
47	225963	107076
48	223703	461045
49	223475	141327
50	224868	232242
51	227466	447827
52	225074	198745
53	225128	263328
54	227075	24291
55	225999	181481
56	224875	74415
57	224314	430892
58	227965	29382
59	226007	345261
60	224905	349883
61	224447	435519
62	227004	350821
63	226032	95419
64	226504	40080
65	226714	307842
66	225594	270941
67	224781	91594
68	223962	453237
69	226777	182205
70	225515	64832
71	226677	496431
72	225517	275666
73	223659	52091
74	224555	482955
75	226448	283529
76	225867	248149
77	225671	9887
78	226402	384870
79	225246	11241
80	225011	106866
81	223377	103539
82	226644	66979
83	226335	503949
84	224452	334673
85	227256	281153
86	226875	178943
87	225866	102841
88	224334	348074
89	226998	135713
90	226788	249622
91	229181	41170
92	225748	234004
93	226304	169089
94	226452	502273
95	225252	219657
96	227042	84216
97	220942	321752
98	226503	86357
99	225490	153752
100	223053	278756
101	225879	35857
102	221960	202255
103	227477	111489
104	227444	501116
105	223243	205295
106	225844	464082
107	226495	414632
108	225789	137699
109	224485	391847
110	226656	123606
111	222951	447934
112	224350	444325
113	226554	388176
114	223702	321847
115	224705	156090
116	227256	210659
117	226437	265701
118	225685	310421
119	226980	154823
120	226545	226289
121	226595	391294
122	226115	377533
123	224466	395887
124	226232	224899
125	225718	404432
126	225433	97774
127	222309	289426
128	224851	267401
129	224186	12330
130	225435	88099
131	224291	160725
132	223706	126893
133	226662	332514
134	224193	258380
135	221068	54014
136	224551	352395
137	227382	425488
138	226639	457738
139	226883	523702
140	225732	263691
141	226540	479868
142	222325	4445
143	223514	510695
144	223011	223036
145	227026	292600
146	219683	212844
147	224895	473824
148	227344	128265
149	222868	53002
150	224273	60760
151	229105	363929
152	226163	208436
153	225791	79922
154	228296	318331
155	225744	271265
156	224652	192332
157	226876	21698
158	221254	465084
159	227365	401502
160	226929	257613
161	226344	298940
162	225800	262458
163	224874	301130
164	227077	363041
165	227882	25663
166	225194	61318
167	225394	426515
168	225708	107952
169	226506	470438
170	225260	487616
171	226729	506985
172	226069	353248
173	226692	303366
174	225875	457926
175	227447	177182
176	227785	119598
177	223724	178746
178	224991	384721
179	226692	55927
180	222833	35850
181	223130	301056
182	225721	9403
183	224549	521948
184	227195	116254
185	224781	215370
186	220912	352462
187	225863	33448
188	225102	78951
189	224158	215364
190	223468	34774
191	227472	22828
192	229145	241117
193	228475	342004
194	226570	143656
195	226289	289288
196	225662	523412
197	223119	335017
198	227210	231708
199	225977	10198
200	226724	106017
201	223632	341612
202	226655	455981
203	223408	397420
204	226861	496561
205	227365	25810
206	224660	463050
207	227665	54224
208	227721	271165
209	225267	264816
210	223685	3356
211	227565	151836
212	227788	496697
213	226186	295357
214	225483	327736
215	224435	432995
216	225626	251819
217	226178	295252
218	221938	345351
219	224089	514728
220	226461	495842
221	226598	357714
222	227051	469284
223	220990	85524
224	225731	384821
225	226774	498235
226	226153	48958
227	226654	326650
228	226139	50240
229	226595	251104
230	226310	322257
231	226469	127746
232	223053	156162
233	226736	481862
234	224566	217633
235	226133	1190
236	228049	511375
237	223351	492579
238	225909	242197
239	224162	473508
240	227385	411834
241	225871	346098
242	225342	509486
243	225843	454798
244	225274	204396
245	225602	19710
246	226182	251113
247	224841	459351
248	226815	167411
249	226958	28843
250	225946	204898
251	226862	56
252	226220	153604
253	225568	290883
254	225973	302299
255	224468	17713
256	226086	137347
257	225666	114898
258	226728	219758
259	224973	130265
260	224175	227240
261	227121	20919
262	225595	346540
263	226143	233588
264	223510	196847
265	227520	520172
266	219938	252235
267	228494	456236
268	227097	67737
269	225711	276836
270	224824	276714
271	222167	125723
272	225461	390724
273	225844	87157
274	224943	292020
275	225919	27260
276	227002	489406
277	225915	331117
278	225341	147943
279	223432	220348
280	226571	222296
281	226126	138684
282	226721	382606
283	225725	290072
284	227527	350951
285	224104	58118
286	222559	92985
287	221341	448069
288	226614	93271
289	226337	405796
290	227076	473150
291	225154	12252
292	227136	356071
293	223334	306686
294	225901	347496
295	225001	70630
296	227546	495352
297	225765	89295
298	225421	358183
299	227257	176914
300	227097	462450
301	225198	193543
302	225256	239839
303	227107	464876
304	226935	113458
305	226512	75877
306	226968	321574
307	228120	508575
308	223623	450713
309	225333	37377
310	223901	6324
311	226796	347277
312	226856	372649
313	224677	304866
314	226605	22483
315	229279	21695
316	224881	464571
317	224620	42967
318	223896	256997
319	224615	159592
320	221957	386282
321	225270	239850
322	225253	235313
323	226069	394876
324	224632	247664
325	225872	434962
326	226839	464869
327	224517	400252
328	228197	515434
329	221807	272124
330	226200	434512
331	220926	315528
332	225326	203060
333	224740	309072
334	222695	396659
335	223733	445931
336	225655	309434
337	226311	190888
338	225661	107428
339	225965	414551
340	226500	120394
341	225779	44644
342	226524	426965
343	225375	331851
344	224563	145790
345	222811	169486
346	226149	369354
347	226152	52721
348	224626	263938
349	223829	183133
350	226084	290768
351	225226	134880
352	223545	137799
353	223974	31115
354	226684	106372
355	224373	497299
356	223958	506352
357	225654	418006
358	225688	262300
359	224486	490446
360	226414	28100
361	226085	168073
362	225690	306414
363	225164	419837
364	224857	504790
365	224699	514236
366	226104	473851
367	227307	186085
368	224601	264313
369	226314	295493
370	226638	97107
371	225410	237669
372	224093	91369
373	226096	262803
374	225464	441622
375	225466	469114
376	225337	267536
377	227130	393159
378	227214	370550
379	226710	491429
380	226376	85523
381	225182	513320
382	228090	356239
383	228737	109539
384	226613	448215
385	225789	156218
386	225826	486762
387	224651	210993
388	226494	396903
389	221919	403002
390	224317	179509
391	222637	81917
392	223289	392672
393	225590	316410
394	226678	7693
395	224478	173609
396	226761	212588
397	225311	504973
398	224536	229947
399	224722	97482
400	225108	396
401	224367	91455
402	224860	290702
403	226440	231898
404	225528	153803
405	226421	235593
406	228918	238437
407	226070	190513
408	225637	8522
409	222600	81826
410	227648	421335
411	225648	454046
412	226170	361840
413	226720	131456
414	223408	20061
415	224877	443056
416	223985	354110
417	225917	357381
418	225752	293298
419	225780	114684
420	224721	321099
421	226086	261856
422	225023	71854
423	226341	60730
424	222895	116360
425	225626	490901
426	223785	54031
427	224975	362102
428	224994	479505
429	226141	128529
430	224107	446175
431	224921	225733
432	226980	317590
433	226748	86319
434	224466	170265
435	225349	277776
436	227184	107740
437	225648	217906
438	227311	120266
439	227009	319843
440	226134	19927
441	225554	226283
442	229134	184901
443	222965	188181
444	225553	209587
445	224976	33260
446	227522	72376
447	225215	401919
448	227772	455325
449	224773	158019
450	226314	522367
451	226464	307118
452	226726	111228
453	226253	111938
454	225235	216048
455	227217	498399
456	227278	5577
457	225190	134736
458	225819	180683
459	226031	221978
460	224087	222962
461	226315	334387
462	223815	501392
463	225661	84408
464	224295	309542
465	225034	22772
466	223694	185123
467	225298	38181
468	225563	107242
469	224298	144247
470	228311	428263
471	228598	163258
472	228125	446535
473	225287	274819
474	224056	503629
475	224720	67651
476	225044	44978
477	225190	105242
478	225841	24959
479	224790	346313
480	225768	352189
481	225066	23182
482	227469	176059
483	225771	57737
484	224176	61161
485	225924	129970
486	227096	34369
487	225419	447934
488	222109	429764
489	226410	505344
490	227862	263874
491	225031	148713
492	227656	377222
493	225606	318541
494	225202	237000
495	219571	325311
496	225808	124338
497	225604	49721
498	226876	220707
499	226505	222865
500	225857	476102
501	225953	364657
502	227465	213679
503	226953	481886
504	224963	53046
505	225795	230368
506	223821	55929
507	225084	511871
508	228389	456332
509	227104	84553
510	225768	180158
511	227766	205814
512	225924	230101
513	224169	382630
514	224815	22593
515	226034	82286
516	224666	105516
517	226059	187135
518	228161	119941
519	223760	408056
520	226203	63254
521	227298	493058
522	227645	488682
523	227431	406354
524	227607	360719
525	224884	422474
526	227488	396200
527	224507	239446
528	226661	297726
529	226686	453179
530	225987	296287
531	226076	110837
532	225330	51935
533	222959	38454
534	224833	335019
535	227019	291547
536	225527	433442
537	224256	222205
538	223745	450654
539	224623	72015
540	225704	132960
541	226085	3930
542	226535	235730
543	224573	185572
544	225935	510709
545	226316	67557
546	227667	163946
547	224224	122691
548	227461	512987
549	217677	20382
550	224147	399637
551	225639	18684
552	225847	105911
553	223930	263295
554	224022	232697
555	228046	349576
556	225775	188645
557	229328	208904
558	225369	30975
559	226190	28845
560	226460	499543
561	226844	378427
562	225827	161775
563	222310	408193
564	225027	457175
565	223940	46356
566	227046	368315
567	224948	87128
568	224102	14730
569	225678	417068
570	223774	5720
571	227285	138585
572	225766	233800
573	227658	397611
574	226264	132441
575	226555	110076
576	225566	102823
577	220767	2774
578	225063	420451
579	226317	19466
580	227961	112243
581	225865	465673
582	227705	411076
583	226601	519218
584	225329	29364
585	225712	68076
586	224639	269509
587	227589	307700
588	225682	121700
589	226059	431787
590	227639	176135
591	222903	210833
592	224713	446126
593	226454	25035
594	227576	59714
595	222622	415697
596	226477	240462
597	225424	8089
598	223750	501809
599	223808	452339
600	222674	207465
601	226329	93813
602	226398	490263
603	228144	496832
604	223064	462587
605	227813	101587
606	227667	142459
607	223739	219335
608	223945	423884
609	228311	490592
610	225587	242533
611	222915	516830
612	222969	59787
613	225063	108183
614	228113	136662
615	225678	291237
616	221327	374331
617	222981	113060
618	224255	293517
619	224792	219030
620	223725	273143
621	226751	290775
622	224638	482014
623	225311	6517
624	226765	159294
625	226615	125655
626	224699	328080
627	223248	344189
628	226449	370737
629	224576	414557
630	228723	91207
631	225513	112044
632	226692	16636
633	225161	262931
634	228798	336673
635	225900	515816
636	225801	35389
637	225982	475013
638	223797	262339
639	226941	246939
640	227047	355849
641	224446	57107
642	226951	367679
643	225309	108183
644	224984	498514
645	220861	459129
646	227319	452743
647	223913	388536
648	222267	83803
649	226035	349001
650	227115	109187
651	221011	69689
652	226656	456052
653	223034	275716
654	226650	195508
655	222936	240563
656	225856	456078
657	226254	161699
658	228292	435325
659	224118	188537
660	225956	283460
661	224492	466183
662	224141	88556
663	226679	474343
664	225451	115170
665	226290	172641
666	223863	136157
667	225546	160182
668	227698	2299
669	227459	141127
670	225892	370178
671	226689	116243
672	228545	118097
673	222940	408142
674	225145	248618
675	226444	81115
676	225823	300531
677	226035	187848
678	226535	86923
679	223856	326941
680	224351	434148
681	225018	402192
682	224771	273282
683	227944	446642
684	222602	89415
685	225138	300929
686	226342	467181
687	227274	247834
688	223387	319488
689	225497	17874
690	227866	426644
691	227528	227719
692	224466	118007
693	228120	285058
694	225440	366140
695	227072	318671
696	227415	391056
697	225916	490063
698	226878	106649
699	226912	222128
700	227221	194136
701	224505	257970
702	227646	333761
703	225927	404020
704	224736	225310
705	225450	200622
706	225890	155775
707	227768	219883
708	226840	394971
709	225823	377307
710	224924	177438
711	227062	390027
712	226239	408241
713	226294	330226
714	226786	406719
715	224195	8216
716	227055	319799
717	224733	130481
718	226201	50560
719	223492	53586
720	221674	447131
721	224763	436398
722	222010	155180
723	226053	379770
724	224419	477196
725	226563	212389
726	226764	213468
727	226662	161180
728	226538	240388
729	224662	470596
730	226140	410390
731	224291	338631
732	222902	70480
733	224367	122794
734	226846	265800
735	226830	253177
736	223319	455789
737	224606	447601
738	227591	283061
739	226283	16464
740	226884	486601
741	221156	139743
742	225945	179540
743	223364	198986
744	226901	320573
745	226697	27317
746	222659	21147
747	223432	466583
748	224553	271897
749	226352	422575
750	224517	414200
751	226058	258932
752	225844	57703
753	224759	167122
754	223262	172148
755	222724	81446
756	225349	118851
757	226982	74316
758	222114	493489
759	226305	434441
760	227957	242856
761	222431	484366
762	226663	88490
763	226476	216098
764	223153	421522
765	225143	467783
766	228087	350064
767	224919	280080
768	225026	487982
769	226351	480862
770	224603	151066
771	225569	31701
772	222247	248752
773	225457	197930
774	222378	480492
775	228103	520563
776	225695	519245
777	227710	301146
778	225197	450564
779	228184	48559
780	226460	496279
781	225865	263282
782	225237	374664
783	225876	475887
784	227543	318864
785	223598	463814
786	225687	264666
787	227225	327888
788	226381	271042
789	226410	102563
790	224992	269905
791	225874	321043
792	225128	247082
793	226203	133503
794	225793	473916
795	226981	323501
796	227014	150719
797	225776	419338
798	226415	95090
799	223137	506379
800	225972	8217
801	228294	169955
802	225730	81259
803	225772	211310
804	226739	262515
805	223938	28276
806	225943	10781
807	227481	260415
808	224870	326563
809	225080	504177
810	223974	148980
811	223251	65540
812	224847	49101
813	222880	518500
814	223393	71892
815	226810	476275
816	221003	313744
817	225603	142038
818	227080	306687
819	223587	155317
820	225889	412134
821	227634	205148
822	221462	334822
823	225137	346966
824	222196	385352
825	226281	65124
826	222991	205480
827	225877	87822
828	226516	258514
829	224959	116937
830	224481	344917
831	223447	499116
832	225393	134817
833	225747	357390
834	227466	69478
835	226343	130862
836	226438	7393
837	223582	159975
838	226165	76433
839	226251	159006
840	224696	33496
841	226853	333828
842	226655	173400
843	226068	361965
844	227818	169125
845	225986	145778
846	225933	221382
847	226641	145858
848	224665	309015
849	226454	476614
850	225617	108341
851	224934	47468
852	225208	108872
853	224540	312915
854	222996	224853
855	225544	214388
856	228302	42298
857	225736	392029
858	225443	136690
859	226165	99751
860	226595	71503
861	227320	402894
862	225317	76427
863	224487	198720
864	224976	516384
865	225595	161705
866	225112	200173
867	224447	174395
868	227617	18149
869	227109	329977
870	225632	120006
871	227554	313795
872	227872	382492
873	226437	129693
874	225655	26458
875	223849	205478
876	226555	271048
877	226481	491709
878	224853	486310
879	227273	244188
880	225650	404373
881	225806	15109
882	225518	221300
883	227209	24903
884	225217	270687
885	227268	331833
886	226199	420179
887	227325	239357
888	226444	120388
889	227558	102128
890	225383	377515
891	224760	48027
892	227662	479420
893	224532	159660
894	226129	490820
895	225760	118720
896	226027	276065
897	226856	364713
898	226550	157755
899	226005	99443
900	225943	29805
901	224081	320520
902	225128	187860
903	228073	235047
904	222491	182529
905	225543	310567
906	224379	367997
907	223400	466317
908	224960	327877
909	227767	310513
910	225969	462220
911	226826	326692
912	227365	355651
913	226353	131444
914	226179	112175
915	227094	396602
916	226823	40562
917	224899	227404
918	226208	197271
919	226088	40222
920	225229	190924
921	226575	516366
922	225446	54050
923	225316	220600
924	223258	510603
925	226436	182701
926	224691	3222
927	226436	88136
928	225107	402470
929	226787	197958
930	223957	350938
931	223735	53425
932	223863	506121
933	225761	416035
934	223986	94095
935	226870	272991
936	227936	496864
937	223841	161078
938	224912	109109
939	225483	187724
940	225664	87824
941	227846	2079
942	227480	103787
943	228141	85184
944	226363	400660
945	223887	494658
946	224836	309970
947	222840	79685
948	220585	20567
949	226073	293410
950	227351	374806
951	225834	235491
952	226685	292168
953	225804	284578
954	224872	174302
955	224803	75552
956	225952	332885
957	225278	291773
958	225427	53698
959	223434	47432
960	228436	61949
961	227532	67142
962	223627	317792
963	229145	401495
964	223270	271358
965	226986	379252
966	225048	65511
967	224514	311760
968	221603	123105
969	224289	276225
970	227153	405628
971	227774	192939
972	225077	343766
973	223949	62519
974	226014	275457
975	227199	346500
976	226569	500202
977	224304	413722
978	224145	323379
979	225810	473590
980	228747	407821
981	227333	237830
982	224027	286113
983	225211	469367
984	228048	102589
985	224017	228246
986	225495	385936
987	229112	429998
988	227238	323709
989	227764	4831
990	226970	65338
991	227164	448653
992	223398	408407
993	224999	283249
994	224796	464739
995	226151	476922
996	227300	71339
997	224540	189812
998	224987	98680
999	225965	409472
1000	224845	61820
