[[[0.0, 0.0, 1.0], [0.0, -1.0, 0.0], [0.0, 0.0, -1.0], [1.0, 0.0, 0.0]], [[-1.0, 0.0, 0.0], [0.0, 0.0, -1.0], [0.0, 1.0, 0.0], [0.0, 0.0, 1.0]]]
0
0 3595 4363
1
1 3582 3687
2
2 3595 3454
3
3 3591 4864
4
4 3469 323
5
5 3397 637
6
6 3462 3359
7
7 3577 6213
8
8 3537 7509
9
9 3675 4608
10
10 3628 4632
11
11 3431 540
12
12 3492 2169
13
13 3714 3541
14
14 3448 3072
15
15 3469 2645
16
16 3343 5752
17
17 3561 1607
18
18 3536 3557
19
19 3599 899
20
20 3523 1081
21
21 3479 5750
22
22 3676 6423
23
23 3550 1745
24
24 3666 3306
25
25 3535 5289
26
26 3496 4715
27
27 3541 5754
28
28 3503 5066
29
29 3594 916
30
30 3603 5090
31
31 3328 5495
32
32 3556 3035
33
33 3474 5328
34
34 3509 7641
35
35 3529 4695
36
36 3661 7301
37
37 3555 390
38
38 3517 1119
39
39 3407 3497
40
40 3706 6726
41
41 3636 8152
42
42 3469 823
43
43 3597 6419
44
44 3493 3733
45
45 3513 6467
46
46 3394 7177
47
47 3516 6902
48
48 3537 1678
49
49 3481 7136
50
50 3479 1274
51
51 3575 2415
52
52 3642 6931
53
53 3501 449
54
54 3525 2185
55
55 3521 7541
56
56 3568 2238
57
57 3450 3578
58
58 3523 1370
59
59 3586 3001
60
60 3546 3443
61
61 3461 243
62
62 3265 1468
63
63 3458 7039
64
64 3317 7289
65
65 3674 3235
66
66 3475 2899
67
67 3598 4164
68
68 3706 1929
69
69 3537 2272
70
70 3595 7373
71
71 3678 8118
72
72 3292 2314
73
73 3444 3981
74
74 3504 5778
75
75 3592 5750
76
76 3593 59
77
77 3586 5934
78
78 3716 3800
79
79 3518 918
80
80 3641 1496
81
81 3736 1212
82
82 3606 4700
83
83 3554 71
84
84 3655 5930
85
85 3420 1627
86
86 3509 4455
87
87 3506 3992
88
88 3420 8181
89
89 3340 5514
90
90 3497 3849
91
91 3486 7517
92
92 3490 6888
93
93 3669 6789
94
94 3562 2486
95
95 3631 7577
96
96 3547 4812
97
97 3613 298
98
98 3538 3098
99
99 3616 2716
100
100 3616 6027
101
101 3533 8024
102
102 3642 752
103
103 3466 3093
104
104 3512 2076
105
105 3585 8044
106
106 3476 6037
107
107 3513 3726
108
108 3694 2638
109
109 3588 2255
110
110 3513 2744
111
111 3459 8113
112
112 3490 939
113
113 3687 1337
114
114 3488 2715
115
115 3632 5393
116
116 3487 7245
117
117 3400 3706
118
118 3507 5670
119
119 3607 5660
120
120 3554 5871
121
121 3574 5478
122
122 3741 1338
123
123 3479 4849
124
124 3347 8066
125
125 3411 4570
126
126 3464 673
127
127 3557 5050
128
128 3617 4391
129
129 3526 8117
130
130 3600 1086
131
131 3127 4103
132
132 3677 1299
133
133 3425 3663
134
134 3664 2777
135
135 3668 7750
136
136 3333 1159
137
137 3536 329
138
138 3495 5297
139
139 3649 7962
140
140 3616 6770
141
141 3353 2163
142
142 3595 1330
143
143 3553 2623
144
144 3720 7743
145
145 3279 1386
146
146 3582 260
147
147 3629 3205
148
148 3544 5223
149
149 3555 1681
150
150 3550 4460
151
151 3524 6076
152
152 3705 1289
153
153 3378 5687
154
154 3510 7204
155
155 3403 3143
156
156 3557 2232
157
157 3510 2814
158
158 3676 3990
159
159 3471 1672
160
160 3435 6005
161
161 3493 5900
162
162 3532 3254
163
163 3501 6817
164
164 3576 6911
165
165 3596 1537
166
166 3638 192
167
167 3479 6796
168
168 3586 2206
169
169 3425 1561
170
170 3580 5905
171
171 3642 6316
172
172 3602 5579
173
173 3177 3978
174
174 3565 5876
175
175 3371 64
176
176 3414 7048
177
177 3543 4194
178
178 3441 3813
179
179 3523 1033
180
180 3636 6022
181
181 3573 1143
182
182 3579 7457
183
183 3495 513
184
184 3283 7533
185
185 3407 4639
186
186 3460 2856
187
187 3637 785
188
188 3457 6847
189
189 3621 1866
190
190 3497 2905
191
191 3496 6751
192
192 3315 7759
193
193 3612 8066
194
194 3548 7352
195
195 3503 675
196
196 3646 808
197
197 3490 3600
198
198 3727 5978
199
199 3677 244
200
200 3248 6652
201
201 3508 5686
202
202 3609 1589
203
203 3540 6258
204
204 3307 1891
205
205 3516 3660
206
206 3490 4033
207
207 3397 2564
208
208 3605 6296
209
209 3543 666
210
210 3503 7564
211
211 3567 4997
212
212 3459 7138
213
213 3439 7975
214
214 3663 1789
215
215 3570 674
216
216 3669 4372
217
217 3568 2858
218
218 3446 3825
219
219 3512 8034
220
220 3591 4010
221
221 3494 3178
222
222 3686 7342
223
223 3481 4861
224
224 3563 3962
225
225 3502 4763
226
226 3543 8052
227
227 3607 6364
228
228 3537 3455
229
229 3259 3675
230
230 3508 7120
231
231 3402 3417
232
232 3376 7357
233
233 3478 3470
234
234 3359 3130
235
235 3470 7139
236
236 3622 7174
237
237 3519 2429
238
238 3717 3844
239
239 3357 5942
240
240 3601 4869
241
241 3530 6890
242
242 3567 4614
243
243 3364 4585
244
244 3534 1943
245
245 3500 3956
246
246 3468 2608
247
247 3693 2579
248
248 3549 7106
249
249 3613 3662
250
250 3595 4264
251
251 3389 2078
252
252 3611 1185
253
253 3549 2294
254
254 3413 3709
255
255 3652 2517
256
256 3621 3568
257
257 3511 1997
258
258 3508 2839
259
259 3537 1555
260
260 3437 8066
261
261 3512 976
262
262 3545 2185
263
263 3465 4140
264
264 3482 6797
265
265 3532 3352
266
266 3286 4976
267
267 3609 5193
268
268 3595 1558
269
269 3522 2819
270
270 3734 3196
271
271 3312 2117
272
272 3621 628
273
273 3368 666
274
274 3546 400
275
275 3505 155
276
276 3456 10
277
277 3507 4799
278
278 3628 7519
279
279 3503 4136
280
280 3670 137
281
281 3681 1540
282
282 3675 645
283
283 3456 757
284
284 3558 1165
285
285 3588 4260
286
286 3662 4409
287
287 3582 3344
288
288 3579 674
289
289 3676 4263
290
290 3630 362
291
291 3521 4716
292
292 3613 1480
293
293 3610 6987
294
294 3563 3634
295
295 3606 3532
296
296 3467 3447
297
297 3444 925
298
298 3619 5889
299
299 3735 1004
300
300 3639 5854
301
301 3535 891
302
302 3635 2639
303
303 3478 6096
304
304 3563 7786
305
305 3689 3640
306
306 3534 2973
307
307 3633 4320
308
308 3575 1941
309
309 3650 7311
310
310 3694 8120
311
311 3488 1774
312
312 3568 397
313
313 3592 7195
314
314 3571 6447
315
315 3644 604
316
316 3596 3462
317
317 3467 3664
318
318 3486 5346
319
319 3240 7886
320
320 3538 3985
321
321 3228 3373
322
322 3477 3854
323
323 3479 213
324
324 3505 3018
325
325 3582 342
326
326 3575 898
327
327 3693 7609
328
328 3532 7566
329
329 3491 3570
330
330 3410 2491
331
331 3642 490
332
332 3509 1347
333
333 3442 2441
334
334 3615 5039
335
335 3451 2092
336
336 3657 1015
337
337 3558 2814
338
338 3720 2642
339
339 3415 7730
340
340 3340 1942
341
341 3629 1320
342
342 3618 6439
343
343 3543 7047
344
344 3603 1680
345
345 3629 7944
346
346 3574 902
347
347 3628 7645
348
348 3647 2028
349
349 3123 195
350
350 3431 1201
351
351 3367 738
352
352 3533 7268
353
353 3435 2843
354
354 3385 5923
355
355 3601 8100
356
356 3587 3599
357
357 3431 6915
358
358 3396 426
359
359 3496 1753
360
360 3570 2898
361
361 3672 2246
362
362 3624 3251
363
363 3668 6997
364
364 3775 7956
365
365 3651 2396
366
366 3811 3736
367
367 3528 1018
368
368 3561 4947
369
369 3596 7488
370
370 3605 2566
371
371 3586 3115
372
372 3323 1183
373
373 3682 1211
374
374 3683 6965
375
375 3554 3562
376
376 3707 3196
377
377 3641 5902
378
378 3538 3067
379
379 3739 7202
380
380 3526 7174
381
381 3472 1842
382
382 3361 6389
383
383 3476 7373
384
384 3548 7410
385
385 3560 712
386
386 3546 3825
387
387 3511 857
388
388 3411 3399
389
389 3423 5277
390
390 3592 6569
391
391 3486 6213
392
392 3297 1870
393
393 3303 6296
394
394 3654 4290
395
395 3472 4212
396
396 3383 7789
397
397 3522 2264
398
398 3657 8090
399
399 3423 7677
400
400 3503 1442
401
401 3371 5247
402
402 3233 4683
403
403 3705 1780
404
404 3547 1223
405
405 3661 4061
406
406 3417 2351
407
407 3511 933
408
408 3516 6167
409
409 3501 794
410
410 3655 669
411
411 3442 5798
412
412 3548 1067
413
413 3228 3243
414
414 3732 7351
415
415 3427 1362
416
416 3642 7148
417
417 3604 8071
418
418 3211 5212
419
419 3501 905
420
420 3535 502
421
421 3365 3869
422
422 3411 784
423
423 3642 5219
424
424 3537 474
425
425 3340 7128
426
426 3261 5219
427
427 3533 5458
428
428 3222 3649
429
429 3682 6764
430
430 3744 7032
431
431 3487 7466
432
432 3356 3743
433
433 3616 811
434
434 3541 322
435
435 3679 5619
436
436 3517 1133
437
437 3461 2499
438
438 3519 651
439
439 3424 3617
440
440 3583 4607
441
441 3499 3176
442
442 3517 4591
443
443 3644 7248
444
444 3689 3306
445
445 3561 3522
446
446 3329 3790
447
447 3405 6645
448
448 3390 6860
449
449 3539 2425
450
450 3583 19
451
451 3668 5614
452
452 3651 924
453
453 3265 1770
454
454 3629 1583
455
455 3690 1478
456
456 3606 5979
457
457 3648 1660
458
458 3558 7031
459
459 3427 5021
460
460 3522 4624
461
461 3681 2165
462
462 3610 4090
463
463 3445 2493
464
464 3511 4185
465
465 3494 4142
466
466 3368 3591
467
467 3558 596
468
468 3357 4853
469
469 3494 6475
470
470 3447 4076
471
471 3613 1883
472
472 3556 2022
473
473 3414 4497
474
474 3738 2768
475
475 3556 5164
476
476 3542 406
477
477 3294 4891
478
478 3641 4007
479
479 3574 6075
480
480 3401 5070
481
481 3552 1392
482
482 3660 3269
483
483 3448 7012
484
484 3531 6148
485
485 3585 153
486
486 3587 2728
487
487 3657 1014
488
488 3410 5632
489
489 3524 2262
490
490 3589 5799
491
491 3485 2156
492
492 3582 874
493
493 3452 3388
494
494 3604 7567
495
495 3729 3919
496
496 3720 7008
497
497 3469 2400
498
498 3529 3711
499
499 3566 5755
500
500 3577 6819
501
501 3501 1170
502
502 3404 5314
503
503 3457 3162
504
504 3730 2248
505
505 3559 6775
506
506 3506 6333
507
507 3393 2450
508
508 3435 4877
509
509 3639 71
510
510 3688 2614
511
511 3415 5223
512
512 3603 6601
513
513 3506 4069
514
514 3558 309
515
515 3553 5653
516
516 3524 935
517
517 3561 3442
518
518 3574 3827
519
519 3697 1693
520
520 3087 3282
521
521 3385 1391
522
522 3456 4127
523
523 3632 6084
524
524 3543 1850
525
525 3584 5819
526
526 3645 235
527
527 3583 5057
528
528 3649 538
529
529 3635 1909
530
530 3658 1086
531
531 3542 3531
532
532 3455 6553
533
533 3516 2646
534
534 3609 7346
535
535 3484 6220
536
536 3486 5842
537
537 3584 6645
538
538 3437 605
539
539 3545 1921
540
540 3530 2821
541
541 3666 4181
542
542 3566 5451
543
543 3441 1378
544
544 3482 3574
545
545 3457 3570
546
546 3609 1068
547
547 3516 5103
548
548 3594 3225
549
549 3510 934
550
550 3428 7458
551
551 3381 6886
552
552 3646 276
553
553 3224 4990
554
554 3527 6541
555
555 3491 7947
556
556 3365 1302
557
557 3638 6527
558
558 3522 7701
559
559 3595 6084
560
560 3631 3619
561
561 3730 5706
562
562 3536 8150
563
563 3625 4172
564
564 3552 1425
565
565 3462 7589
566
566 3222 19
567
567 3655 6905
568
568 3650 8063
569
569 3660 8000
570
570 3405 4828
571
571 3522 5914
572
572 3506 4001
573
573 3594 7248
574
574 3472 1443
575
575 3616 1713
576
576 3573 2849
577
577 3600 7452
578
578 3278 7218
579
579 3554 1219
580
580 3507 3582
581
581 3506 1434
582
582 3473 984
583
583 3526 5130
584
584 3614 6849
585
585 3635 673
586
586 3601 7554
587
587 3635 4068
588
588 3546 972
589
589 3521 7198
590
590 3397 2082
591
591 3724 1565
592
592 3556 2714
593
593 3235 4667
594
594 3650 1308
595
595 3417 5045
596
596 3700 938
597
597 3650 6264
598
598 3304 5989
599
599 3423 1886
600
600 3558 1386
601
601 3541 6759
602
602 3544 606
603
603 3427 1573
604
604 3697 1594
605
605 3663 5850
606
606 3306 720
607
607 3363 1700
608
608 3625 6788
609
609 3336 5250
610
610 3545 1190
611
611 3432 6464
612
612 3646 7895
613
613 3586 814
614
614 3613 1728
615
615 3787 1761
616
616 3409 7281
617
617 3509 7442
618
618 3576 1170
619
619 3434 3215
620
620 3645 621
621
621 3595 8151
622
622 3649 73
623
623 3487 4184
624
624 3577 6052
625
625 3670 6903
626
626 3525 6264
627
627 3562 2284
628
628 3550 1037
629
629 3534 4412
630
630 3559 5105
631
631 3653 2761
632
632 3595 5708
633
633 3603 2208
634
634 3732 1841
635
635 3508 6199
636
636 3573 3593
637
637 3602 6695
638
638 3580 3100
639
639 3661 6086
640
640 3502 2355
641
641 3600 5953
642
642 3497 980
643
643 3605 6453
644
644 3473 3044
645
645 3641 28
646
646 3580 495
647
647 3536 2062
648
648 3591 7037
649
649 3412 3199
650
650 3578 3565
651
651 3682 3594
652
652 3669 337
653
653 3683 5743
654
654 3514 2443
655
655 3414 7908
656
656 3438 4217
657
657 3603 1135
658
658 3573 174
659
659 3474 6486
660
660 3615 2138
661
661 3506 1231
662
662 3473 7137
663
663 3342 1231
664
664 3555 5533
665
665 3591 3760
666
666 3453 7365
667
667 3457 76
668
668 3538 5645
669
669 3377 6754
670
670 3560 7295
671
671 3687 7822
672
672 3610 6012
673
673 3619 7969
674
674 3504 6629
675
675 3591 200
676
676 3455 3031
677
677 3621 789
678
678 3225 3576
679
679 3601 1325
680
680 3680 6762
681
681 3567 7174
682
682 3761 6928
683
683 3537 5440
684
684 3526 3560
685
685 3504 7878
686
686 3443 5761
687
687 3336 1561
688
688 3499 6643
689
689 3586 7034
690
690 3653 5320
691
691 3592 6988
692
692 3556 3012
693
693 3574 4187
694
694 3580 2133
695
695 3615 6913
696
696 3223 5677
697
697 3467 5412
698
698 3380 5607
699
699 3535 462
700
700 3526 5395
701
701 3710 1757
702
702 3665 6512
703
703 3590 5903
704
704 3584 910
705
705 3673 7763
706
706 3504 7700
707
707 3715 5798
708
708 3514 303
709
709 3388 1130
710
710 3633 6214
711
711 3440 1491
712
712 3575 21
713
713 3457 5412
714
714 3583 7637
715
715 3188 2580
716
716 3649 49
717
717 3534 7125
718
718 3507 2695
719
719 3572 4802
720
720 3702 7553
721
721 3385 4328
722
722 3591 8129
723
723 3528 8166
724
724 3576 3676
725
725 3543 7548
726
726 3628 3747
727
727 3494 3217
728
728 3609 114
729
729 3568 3035
730
730 3498 1084
731
731 3570 4980
732
732 3548 2768
733
733 3536 7243
734
734 3638 1237
735
735 3530 3258
736
736 3578 4090
737
737 3488 8133
738
738 3567 7723
739
739 3467 5719
740
740 3556 374
741
741 3468 179
742
742 3526 3435
743
743 3515 6502
744
744 3771 6746
745
745 3733 4576
746
746 3524 3225
747
747 3631 417
748
748 3523 4320
749
749 3595 3028
750
750 3407 45
751
751 3676 2136
752
752 3512 5765
753
753 3557 72
754
754 3575 1761
755
755 3507 1810
756
756 3303 6327
757
757 3435 2757
758
758 3623 6242
759
759 3397 3348
760
760 3574 6495
761
761 3397 695
762
762 3497 6640
763
763 3599 7802
764
764 3548 3120
765
765 3547 3158
766
766 3664 8114
767
767 3474 1423
768
768 3620 2642
769
769 3290 372
770
770 3533 5670
771
771 3601 6197
772
772 3446 7367
773
773 3415 6062
774
774 3469 3869
775
775 3576 3229
776
776 3379 743
777
777 3557 3328
778
778 3487 6489
779
779 3484 5531
780
780 3452 1232
781
781 3591 3830
782
782 3501 1434
783
783 3660 1902
784
784 3568 5204
785
785 3614 986
786
786 3359 847
787
787 3688 6976
788
788 3577 2597
789
789 3581 815
790
790 3772 6399
791
791 3446 4251
792
792 3431 6534
793
793 3600 959
794
794 3696 1044
795
795 3520 3548
796
796 3486 2623
797
797 3621 3171
798
798 3480 5798
799
799 3571 3961
800
800 3520 4945
801
801 3487 4905
802
802 3666 3353
803
803 3494 1053
804
804 3471 2718
805
805 3686 3570
806
806 3598 6887
807
807 3606 3212
808
808 3553 2913
809
809 3643 3251
810
810 3671 4205
811
811 3775 4143
812
812 3481 4933
813
813 3543 5914
814
814 3609 7726
815
815 3320 7802
816
816 3601 2206
817
817 3548 2299
818
818 3407 4655
819
819 3453 507
820
820 3587 3565
821
821 3508 8048
822
822 3678 7417
823
823 3425 4509
824
824 3350 7013
825
825 3603 6051
826
826 3631 5172
827
827 3272 3975
828
828 3566 4268
829
829 3514 3479
830
830 3483 2387
831
831 3685 2517
832
832 3544 42
833
833 3473 3748
834
834 3620 1325
835
835 3677 8053
836
836 3587 4655
837
837 3482 4954
838
838 3723 1019
839
839 3332 3006
840
840 3559 1866
841
841 3419 336
842
842 3644 963
843
843 3452 1150
844
844 3580 5237
845
845 3541 6123
846
846 3492 1005
847
847 3642 884
848
848 3530 6942
849
849 3565 4817
850
850 3665 3411
851
851 3547 2344
852
852 3638 5232
853
853 3290 3485
854
854 3627 7204
855
855 3375 6575
856
856 3333 1253
857
857 3516 4766
858
858 3580 6442
859
859 3396 6861
860
860 3532 5331
861
861 3190 835
862
862 3469 4068
863
863 3535 4458
864
864 3504 7617
865
865 3629 7788
866
866 3574 7073
867
867 3542 1312
868
868 3665 4452
869
869 3535 6667
870
870 3468 3510
871
871 3565 616
872
872 3481 6103
873
873 3703 3808
874
874 3786 2645
875
875 3607 1423
876
876 3679 7113
877
877 3271 6868
878
878 3444 2639
879
879 3576 6942
880
880 3583 3938
881
881 3361 1132
882
882 3459 6499
883
883 3584 6374
884
884 3248 5391
885
885 3554 6757
886
886 3379 5007
887
887 3490 7300
888
888 3549 3089
889
889 3590 2218
890
890 3671 3426
891
891 3330 7802
892
892 3645 6806
893
893 3513 8082
894
894 3670 3907
895
895 3473 6052
896
896 3531 2394
897
897 3647 5235
898
898 3525 2732
899
899 3541 6396
900
900 3599 5311
901
901 3465 727
902
902 3585 2195
903
903 3572 4507
904
904 3515 4103
905
905 3708 2853
906
906 3625 1657
907
907 3606 935
908
908 3460 5392
909
909 3718 600
910
910 3435 478
911
911 3532 530
912
912 3598 4709
913
913 3605 2954
914
914 3351 1284
915
915 3332 6276
916
916 3550 8019
917
917 3553 6273
918
918 3601 6142
919
919 3514 3188
920
920 3731 5689
921
921 3683 3075
922
922 3499 3453
923
923 3495 2935
924
924 3569 6593
925
925 3477 376
926
926 3562 487
927
927 3352 3301
928
928 3549 5757
929
929 3507 1496
930
930 3546 1196
931
931 3600 2889
932
932 3507 4921
933
933 3519 5315
934
934 3523 2014
935
935 3398 461
936
936 3657 2101
937
937 3583 7755
938
938 3503 1802
939
939 3630 2472
940
940 3485 2320
941
941 3594 6571
942
942 3729 3529
943
943 3618 2392
944
944 3503 4142
945
945 3381 7262
946
946 3721 7518
947
947 3586 3536
948
948 3395 7661
949
949 3664 462
950
950 3452 3541
951
951 3395 2311
952
952 3139 8152
953
953 3311 6742
954
954 3604 7252
955
955 3571 3480
956
956 3474 234
957
957 3645 3527
958
958 3514 4351
959
959 3430 7310
960
960 3326 280
961
961 3464 1532
962
962 3524 7082
963
963 3596 3094
964
964 3691 5046
965
965 3757 4411
966
966 3528 7863
967
967 3570 2443
968
968 3476 4978
969
969 3456 3761
970
970 3330 7628
971
971 3477 7263
972
972 3500 8141
973
973 3598 3253
974
974 3496 5398
975
975 3633 6080
976
976 3597 4068
977
977 3414 1941
978
978 3474 2349
979
979 3593 5848
980
980 3362 5785
981
981 3489 3252
982
982 3666 1017
983
983 3565 4202
984
984 3588 2894
985
985 3610 2365
986
986 3585 4072
987
987 3507 5163
988
988 3386 6751
989
989 3671 1085
990
990 3542 7757
991
991 3454 5345
992
992 3655 1879
993
993 3464 8124
994
994 3517 5285
995
995 3602 2747
996
996 3749 1404
997
997 3618 168
998
998 3568 912
999
999 3431 5623
